0
15
-1 285 366 181 459 13 301 438 263 480 488 93 334 165 269 
354 -1 397 135 46 292 171 175 296 126 25 94 465 484 19 
330 392 -1 244 174 42 178 16 213 423 455 148 329 461 290 
426 13 285 -1 150 446 368 10 354 138 232 175 119 468 438 
244 362 490 444 -1 386 175 355 339 91 307 254 42 327 387 
336 415 428 81 271 -1 11 160 252 171 57 213 349 285 316 
351 380 292 236 166 391 -1 498 379 296 489 205 97 210 230 
80 420 320 292 184 206 85 -1 398 58 251 85 276 421 372 
314 71 422 73 66 385 404 227 -1 136 112 42 445 180 176 
252 421 424 463 197 401 231 165 146 -1 255 107 76 171 233 
357 278 109 442 237 366 175 180 493 478 -1 388 303 74 98 
37 181 257 383 281 262 221 428 217 186 46 -1 385 75 110 
479 235 93 117 215 204 232 78 21 370 284 297 -1 356 422 
246 386 227 495 339 458 19 463 215 439 110 398 478 -1 446 
451 183 495 190 106 46 117 412 22 342 233 341 121 343 -1 
837