0
14
-1 107 77 122 69 95 52 29 54 72 16 53 127 15
44 -1 15 79 116 129 47 110 67 34 46 142 89 113
13 43 -1 86 41 92 14 25 77 69 94 103 58 122
67 58 108 -1 23 67 106 54 94 63 137 20 136 43
131 150 146 28 -1 17 71 93 33 36 40 61 136 93
137 117 82 141 22 -1 113 83 105 131 64 127 101 33
85 64 44 92 24 101 -1 66 93 106 23 103 69 96
55 72 106 86 127 52 50 -1 131 10 13 18 37 14
42 97 86 11 69 143 21 53 -1 80 150 116 55 83
125 29 95 137 132 87 77 107 71 -1 49 29 134 57
30 144 149 75 89 20 122 94 137 16 -1 21 71 109
116 82 43 56 68 110 11 88 23 132 37 -1 141 119
120 73 62 65 98 137 60 16 24 91 103 99 -1 54
12 24 126 68 114 81 103 46 35 82 85 114 29 -1
290