0
13
-1 18 112 138 114 108 47 85 136 146 55 63 37
35 -1 83 24 93 57 26 18 39 66 93 78 25
128 84 -1 59 58 149 107 144 60 101 66 95 63
113 62 107 -1 146 27 47 23 69 50 19 25 94
103 131 22 17 -1 24 93 11 149 50 105 142 56
23 69 68 98 31 -1 30 141 131 127 138 141 125
140 49 126 40 87 13 -1 21 96 122 18 62 103
111 136 107 116 21 124 149 -1 72 148 43 79 87
64 28 57 146 125 53 47 42 -1 85 77 73 48
113 48 30 33 53 128 75 60 116 -1 107 58 29
31 23 115 55 52 122 82 44 119 33 -1 100 65
12 56 32 136 115 37 32 60 149 25 149 -1 44
77 84 133 111 72 49 108 94 112 66 33 33 -1
363