0
20
-1 117 148 76 184 11 123 176 108 193 196 42 136 70 110 143 160 58 24 119 
73 -1 74 121 55 15 42 187 194 13 134 158 101 74 22 75 12 89 170 183 
64 134 -1 185 118 171 11 117 64 179 149 10 144 60 96 74 52 188 176 101 
147 196 179 -1 156 74 144 138 41 125 105 22 133 156 136 167 172 37 111 10 
68 104 72 28 -1 89 142 117 129 143 154 120 98 71 158 199 153 121 196 85 
43 88 95 37 169 -1 130 120 77 86 39 161 28 103 39 113 170 151 128 33 
170 34 32 156 163 94 -1 59 49 22 179 76 74 104 170 171 186 82 162 96 
70 63 105 47 35 72 96 -1 145 114 48 178 98 148 74 76 198 192 157 124 
34 44 20 76 106 155 115 108 -1 92 172 90 78 24 155 35 48 192 97 42 
52 89 85 96 36 14 150 116 121 -1 144 170 101 156 94 199 138 184 13 186 
90 177 49 160 192 179 181 77 198 80 -1 47 24 51 166 14 139 96 138 53 
139 164 68 131 112 184 67 164 161 28 168 -1 20 114 81 26 128 49 47 39 
89 67 97 66 179 58 94 75 63 79 41 119 -1 126 170 129 157 104 52 197 
75 21 197 87 69 114 77 81 52 68 144 88 175 -1 90 96 132 99 45 119 
150 80 26 10 117 29 145 52 151 174 169 197 40 114 -1 178 75 193 195 152 
139 107 46 115 56 174 85 20 148 85 150 107 135 19 155 -1 24 74 88 200 
32 178 127 113 178 18 158 134 15 70 151 156 68 38 45 37 -1 33 198 73 
78 42 102 58 193 83 16 93 33 72 104 167 73 156 168 101 144 -1 132 100 
134 76 150 142 166 112 11 41 67 97 47 157 190 73 55 135 142 184 -1 133 
48 199 98 123 89 158 36 92 197 77 20 12 126 147 131 115 60 188 118 -1 
475