0
19
-1 117 148 76 184 11 123 176 108 193 196 42 136 70 110 143 160 58 24 
119 -1 73 74 121 55 15 42 187 194 13 134 158 101 74 22 75 12 89 
170 183 -1 64 134 185 118 171 11 117 64 179 149 10 144 60 96 74 52 
188 176 101 -1 147 196 179 156 74 144 138 41 125 105 22 133 156 136 167 
172 37 111 10 -1 68 104 72 28 89 142 117 129 143 154 120 98 71 158 
199 153 121 196 85 -1 43 88 95 37 169 130 120 77 86 39 161 28 103 
39 113 170 151 128 33 -1 170 34 32 156 163 94 59 49 22 179 76 74 
104 170 171 186 82 162 96 -1 70 63 105 47 35 72 96 145 114 48 178 
98 148 74 76 198 192 157 124 -1 34 44 20 76 106 155 115 108 92 172 
90 78 24 155 35 48 192 97 42 -1 52 89 85 96 36 14 150 116 121 
144 170 101 156 94 199 138 184 13 186 -1 90 177 49 160 192 179 181 77 
198 80 47 24 51 166 14 139 96 138 53 -1 139 164 68 131 112 184 67 
164 161 28 168 20 114 81 26 128 49 47 39 -1 89 67 97 66 179 58 
94 75 63 79 41 119 126 170 129 157 104 52 197 -1 75 21 197 87 69 
114 77 81 52 68 144 88 175 90 96 132 99 45 119 -1 150 80 26 10 
117 29 145 52 151 174 169 197 40 114 178 75 193 195 152 -1 139 107 46 
115 56 174 85 20 148 85 150 107 135 19 155 24 74 88 200 -1 32 178 
127 113 178 18 158 134 15 70 151 156 68 38 45 37 33 198 73 -1 78 
42 102 58 193 83 16 93 33 72 104 167 73 156 168 101 144 132 100 -1 
471