0
18
-1 173 221 111 276 11 182 263 159 289 293 59 202 102 163 214 239 84 
31 -1 177 105 108 179 79 19 60 280 291 15 200 236 149 107 29 109 
14 130 -1 254 274 92 199 277 176 256 12 173 93 268 222 10 214 86 
141 108 75 -1 281 263 149 218 294 267 233 107 214 205 58 186 154 29 
198 233 203 250 -1 257 52 165 10 99 153 105 38 130 211 173 191 212 
229 177 144 103 236 -1 299 228 179 294 125 61 129 140 51 253 194 177 
113 126 54 240 38 153 -1 54 167 253 225 190 46 254 47 43 232 243 
138 84 70 29 268 111 108 -1 153 253 255 278 120 242 141 102 90 155 
67 49 105 142 216 169 69 266 -1 144 221 108 110 296 287 234 183 47 
62 26 111 156 231 170 159 135 258 -1 133 114 31 232 49 69 288 143 
59 73 131 125 141 50 16 223 172 180 -1 215 254 149 233 138 297 205 
275 15 278 131 264 69 240 287 268 271 112 -1 297 116 67 31 73 248 
17 207 142 206 75 207 244 99 195 166 275 97 -1 246 241 38 251 26 
168 118 34 190 70 66 55 131 97 143 95 267 83 -1 139 109 91 115 
58 176 188 254 191 234 154 75 295 109 28 295 128 100 -1 168 112 119 
75 99 214 129 262 132 141 195 145 64 176 223 117 35 11 -1 173 39 
215 74 225 261 252 294 57 169 267 110 289 292 226 207 158 65 -1 171 
81 260 125 25 220 125 223 158 201 23 231 32 108 130 300 44 266 -1 
628